-4.50000 0.00000 4.50000 -0.00000
-4.50000 1.00000 4.50000 1.00000
-4.50000 2.00000 4.50000 2.00000
-4.50000 3.00000 4.50000 3.00000
-4.50000 4.00000 4.50000 4.00000
-4.50000 5.00000 4.50000 5.00000
-4.50000 6.00000 4.50000 6.00000
-4.50000 7.00000 4.50000 7.00000
-4.50000 8.00000 4.50000 8.00000
-4.50000 9.00000 4.50000 9.00000
-4.50000 10.00000 4.50000 10.00000
-4.50000 11.00000 4.50000 11.00000
-4.50000 12.00000 4.50000 12.00000
-4.50000 13.00000 4.50000 13.00000
-4.50000 14.00000 4.50000 14.00000
-4.50000 15.00000 4.50000 15.00000
-4.50000 16.00000 4.50000 16.00000
-4.50000 17.00000 4.50000 17.00000
-4.50000 18.00000 4.50000 18.00000
-4.50000 19.00000 4.50000 19.00000
-4.49961 19.94110 4.49961 20.05890
-4.51024 20.87041 4.48282 21.22375
-4.54518 21.79912 4.43555 22.38775
-4.60443 22.72661 4.35782 23.55012
-4.68793 23.65222 4.24968 24.71006
-4.79564 24.57533 4.11123 25.86676
-4.92747 25.49531 3.94254 27.01945
-5.08334 26.41151 3.74373 28.16733
-5.26314 27.32333 3.51494 29.30961
-5.46674 28.23012 3.25634 30.44550
-5.69402 29.13128 2.96808 31.57424
-5.94480 30.02618 2.65038 32.69505
-6.21892 30.91420 2.30345 33.80716
-6.51620 31.79475 1.92752 34.90980
-6.83643 32.66721 1.52286 36.00223
-7.17938 33.53099 1.08974 37.08368
-7.54483 34.38550 0.62846 38.15343
-7.93252 35.23014 0.13934 39.21074
-8.34218 36.06435 -0.37729 40.25489
-8.77355 36.88755 -0.92108 41.28515
-9.22631 37.69918 -1.49165 42.30082
-9.70017 38.49868 -2.08862 43.30121
-10.19479 39.28550 -2.71156 44.28563
-10.70984 40.05910 -3.36007 45.25340
-11.24496 40.81895 -4.03368 46.20387
-11.79979 41.56453 -4.73194 47.13638
-12.37395 42.29534 -5.45437 48.05029
-12.96704 43.01087 -6.20048 48.94498
-13.57866 43.71062 -6.96976 49.81983
-14.20838 44.39413 -7.76167 50.67424
-14.85579 45.06091 -8.57567 51.50763
-15.52042 45.71052 -9.41121 52.31943
-16.20183 46.34251 -10.26772 53.10907
-16.89955 46.95645 -11.14460 53.87603
-17.61311 47.55191 -12.04126 54.61976
-18.34200 48.12849 -12.95708 55.33978
-19.08574 48.68579 -13.89144 56.03557
-19.84382 49.22343 -14.84368 56.70666
-20.61570 49.74105 -15.81317 57.35260
-21.40088 50.23828 -16.79924 57.97294
-22.19880 50.71478 -17.80120 58.56725
-23.00891 51.17024 -18.81838 59.13513
-23.83068 51.60433 -19.85008 59.67619
-24.66352 52.01677 -20.89559 60.19006
-25.50688 52.40726 -21.95419 60.67638
-26.36017 52.77554 -23.02515 61.13482
-27.22281 53.12136 -24.10776 61.56508
-28.09420 53.44447 -25.20125 61.96685
-28.97376 53.74467 -26.30488 62.33985
-29.86087 54.02174 -27.41790 62.68384
-30.75493 54.27549 -28.53955 62.99857
-31.65532 54.50576 -29.66905 63.28384
-32.56144 54.71237 -30.80563 63.53944
-33.47265 54.89519 -31.94851 63.76520
-34.38834 55.05410 -33.09690 63.96096
-35.30787 55.18899 -34.25003 64.12660
-36.23062 55.29975 -35.40710 64.26200
-37.15595 55.38633 -36.56732 64.36706
-38.08323 55.44865 -37.72989 64.44171
-39.12959 55.48976 -38.77625 64.48282
