0.00000 0.00000
0.00000 0.50000
0.00000 1.00000
0.00000 1.50000
0.00000 2.00000
0.00000 2.50000
0.00000 3.00000
0.00000 3.50000
0.00000 4.00000
0.00000 4.50000
0.00000 5.00000
0.00000 5.50000
0.00000 6.00000
0.00000 6.50000
0.00000 7.00000
0.00000 7.50000
0.00000 8.00000
0.00000 8.50000
0.00000 9.00000
0.00000 9.50000
0.00000 10.00000
-0.00493 10.31411
-0.01973 10.62791
-0.04438 10.94108
-0.07885 11.25333
-0.12312 11.56434
-0.17713 11.87381
-0.24083 12.18143
-0.31417 12.48690
-0.39706 12.78991
-0.48943 13.09017
-0.59119 13.38738
-0.70224 13.68125
-0.82245 13.97148
-0.95173 14.25779
-1.08993 14.53990
-1.23693 14.81754
-1.39258 15.09041
-1.55672 15.35827
-1.72919 15.62083
-1.90983 15.87785
-2.09845 16.12907
-2.29487 16.37424
-2.49889 16.61312
-2.71031 16.84547
-2.92893 17.07107
-3.15453 17.28969
-3.38688 17.50111
-3.62576 17.70513
-3.87093 17.90155
-4.12215 18.09017
-4.37917 18.27081
-4.64173 18.44328
-4.90959 18.60742
-5.18246 18.76307
-5.46010 18.91007
-5.74221 19.04827
-6.02852 19.17755
-6.31875 19.29776
-6.61262 19.40881
-6.90983 19.51057
-7.21009 19.60294
-7.51310 19.68583
-7.81857 19.75917
-8.12619 19.82287
-8.43566 19.87688
-8.74667 19.92115
-9.05892 19.95562
-9.37209 19.98027
-9.68589 19.99507
-10.00000 20.00000
-10.50000 20.00000
-11.00000 20.00000
-11.50000 20.00000
-12.00000 20.00000
-12.50000 20.00000
-13.00000 20.00000
-13.50000 20.00000
-14.00000 20.00000
-14.50000 20.00000
-15.00000 20.00000
-15.50000 20.00000
-16.00000 20.00000
-16.50000 20.00000
-17.00000 20.00000
-17.50000 20.00000
-18.00000 20.00000
-18.50000 20.00000
-19.00000 20.00000
-19.50000 20.00000
-20.00000 20.00000
