0.00000 -0.00000
0.00000 0.80000
0.24222 1.53091
0.67699 2.12972
1.24358 2.55759
1.67183 3.08580
1.95193 3.67235
2.11707 4.26995
2.18046 4.85654
2.16824 5.42260
2.10363 5.98806
1.99595 6.55113
1.85177 7.10986
1.67605 7.66233
1.47278 8.20677
1.24523 8.74157
0.99622 9.26526
0.72821 9.77652
0.44337 10.27413
0.14366 10.75701
-0.16944 11.21965
-0.49516 11.63602
-0.82956 12.00591
-1.16890 12.32912
-1.50965 12.60533
-1.84843 12.83382
-2.18196 13.01304
-2.50694 13.13927
-2.82056 13.21304
-3.12142 13.24389
-3.40857 13.23848
-3.68139 13.20179
-3.93951 13.13759
-4.18274 13.04875
-4.41110 12.93737
-4.62478 12.80477
-4.82418 12.65129
-5.00994 12.47592
-5.18310 12.27526
-5.34544 12.04096
-5.50079 11.77843
-5.65353 11.49150
-5.80875 11.18334
-5.97244 10.85705
-6.15154 10.51619
-6.35398 10.16536
-6.58862 9.81095
-6.86482 9.46198
-7.19167 9.13116
-7.57641 8.83579
-8.01270 8.60605
-8.49017 8.46491
-9.00604 8.41925
-9.54014 8.48304
-10.02768 8.62536
-10.46170 8.82539
-10.83748 9.06911
-11.15073 9.34571
-11.39569 9.64647
-11.63763 9.95984
-11.86871 10.28366
-12.09089 10.61543
-12.30857 10.95321
-12.52666 11.29582
-12.74981 11.64286
-12.98217 11.99472
-13.22718 12.35266
-13.48748 12.71884
-13.76485 13.09646
-14.05594 13.48881
-14.35608 13.89934
-14.66009 14.33169
-14.96211 14.78960
-15.25542 15.27664
-15.53220 15.79604
-15.78345 16.35029
-15.99881 16.94078
-16.16658 17.56725
-16.27384 18.22713
-16.30670 18.91488
-16.25088 19.62122
