-10.00000 45.00000 2.00000 3.00000 0.00000
-10.00000 45.00000 2.00000 3.00000 0.00000
-10.00000 45.00000 2.00000 3.00000 0.00000
-10.00000 45.00000 2.00000 3.00000 0.00000
-10.00000 45.00000 2.00000 3.00000 0.00000
-10.00000 45.00000 2.00000 3.00000 0.00000
-10.00000 45.00000 2.00000 3.00000 0.00000
-10.00000 45.00000 2.00000 3.00000 0.00000
-10.00000 45.00000 2.00000 3.00000 0.00000
-10.00000 45.00000 2.00000 3.00000 0.00000
-10.00000 45.00000 2.00000 3.00000 0.00000
-10.00000 45.00000 2.00000 3.00000 0.00000
-10.00000 45.00000 2.00000 3.00000 0.00000
-10.00000 45.00000 2.00000 3.00000 0.00000
-10.00000 45.00000 2.00000 3.00000 0.00000
-10.00000 45.00000 2.00000 3.00000 0.00000
-10.00000 45.00000 2.00000 3.00000 0.00000
-10.00000 45.00000 2.00000 3.00000 0.00000
-10.00000 45.00000 2.00000 3.00000 0.00000
-10.00000 45.00000 2.00000 3.00000 0.00000
-10.00000 45.00000 2.00000 3.00000 0.00000
-10.00000 45.00000 2.00000 3.00000 0.00000
-10.00000 45.00000 2.00000 3.00000 0.00000
-10.00000 45.00000 2.00000 3.00000 0.00000
-10.00000 45.00000 2.00000 3.00000 0.00000
-10.00000 45.00000 2.00000 3.00000 0.00000
-10.00000 45.00000 2.00000 3.00000 0.00000
-10.00000 45.00000 2.00000 3.00000 0.00000
-10.00000 45.00000 2.00000 3.00000 0.00000
-10.00000 45.00000 2.00000 3.00000 0.00000
-10.00000 45.00000 2.00000 3.00000 0.00000
-10.00000 45.00000 2.00000 3.00000 0.00000
-10.00000 45.00000 2.00000 3.00000 0.00000
-10.00000 45.00000 2.00000 3.00000 0.00000
-10.00000 45.00000 2.00000 3.00000 0.00000
-10.00000 45.00000 2.00000 3.00000 0.00000
-10.00000 45.00000 2.00000 3.00000 0.00000
-10.00000 45.00000 2.00000 3.00000 0.00000
-10.00000 45.00000 2.00000 3.00000 0.00000
-10.00000 45.00000 2.00000 3.00000 0.00000
-10.00000 45.00000 2.00000 3.00000 0.00000
-10.00000 45.00000 2.00000 3.00000 0.00000
-10.00000 45.00000 2.00000 3.00000 0.00000
-10.00000 45.00000 2.00000 3.00000 0.00000
-10.00000 45.00000 2.00000 3.00000 0.00000
-10.00000 45.00000 2.00000 3.00000 0.00000
-10.00000 45.00000 2.00000 3.00000 0.00000
-10.00000 45.00000 2.00000 3.00000 0.00000
-10.00000 45.00000 2.00000 3.00000 0.00000
-10.00000 45.00000 2.00000 3.00000 0.00000
-10.00000 45.00000 2.00000 3.00000 0.00000
-10.00000 45.00000 2.00000 3.00000 0.00000
-10.00000 45.00000 2.00000 3.00000 0.00000
-10.00000 45.00000 2.00000 3.00000 0.00000
-10.00000 45.00000 2.00000 3.00000 0.00000
-10.00000 45.00000 2.00000 3.00000 0.00000
-10.00000 45.00000 2.00000 3.00000 0.00000
-10.00000 45.00000 2.00000 3.00000 0.00000
-10.00000 45.00000 2.00000 3.00000 0.00000
-10.00000 45.00000 2.00000 3.00000 0.00000
-10.00000 45.00000 2.00000 3.00000 0.00000
-10.00000 45.00000 2.00000 3.00000 0.00000
-10.00000 45.00000 2.00000 3.00000 0.00000
-10.00000 45.00000 2.00000 3.00000 0.00000
-10.00000 45.00000 2.00000 3.00000 0.00000
-10.00000 45.00000 2.00000 3.00000 0.00000
-10.00000 45.00000 2.00000 3.00000 0.00000
-10.00000 45.00000 2.00000 3.00000 0.00000
-10.00000 45.00000 2.00000 3.00000 0.00000
-10.00000 45.00000 2.00000 3.00000 0.00000
-10.00000 45.00000 2.00000 3.00000 0.00000
-10.00000 45.00000 2.00000 3.00000 0.00000
-10.00000 45.00000 2.00000 3.00000 0.00000
-10.00000 45.00000 2.00000 3.00000 0.00000
-10.00000 45.00000 2.00000 3.00000 0.00000
-10.00000 45.00000 2.00000 3.00000 0.00000
-10.00000 45.00000 2.00000 3.00000 0.00000
-10.00000 45.00000 2.00000 3.00000 0.00000
-10.00000 45.00000 2.00000 3.00000 0.00000
-10.00000 45.00000 2.00000 3.00000 0.00000
-20.00000 12.00000 1.50000 0.80000 0.00000
-19.70000 12.00000 1.50000 0.80000 0.00000
-19.40000 12.00000 1.50000 0.80000 0.00000
-19.10000 12.00000 1.50000 0.80000 0.00000
-18.80000 12.00000 1.50000 0.80000 0.00000
-18.50000 12.00000 1.50000 0.80000 0.00000
-18.20000 12.00000 1.50000 0.80000 0.00000
-17.90000 12.00000 1.50000 0.80000 0.00000
-17.60000 12.00000 1.50000 0.80000 0.00000
-17.30000 12.00000 1.50000 0.80000 0.00000
-17.00000 12.00000 1.50000 0.80000 0.00000
-16.70000 12.00000 1.50000 0.80000 0.00000
-16.40000 12.00000 1.50000 0.80000 0.00000
-16.10000 12.00000 1.50000 0.80000 0.00000
-15.80000 12.00000 1.50000 0.80000 0.00000
-15.50000 12.00000 1.50000 0.80000 0.00000
-15.20000 12.00000 1.50000 0.80000 0.00000
-14.90000 12.00000 1.50000 0.80000 0.00000
-14.60000 12.00000 1.50000 0.80000 0.00000
-14.30000 12.00000 1.50000 0.80000 0.00000
-14.00000 12.00000 1.50000 0.80000 0.00000
-13.70000 12.00000 1.50000 0.80000 0.00000
-13.40000 12.00000 1.50000 0.80000 0.00000
-13.10000 12.00000 1.50000 0.80000 0.00000
-12.80000 12.00000 1.50000 0.80000 0.00000
-12.50000 12.00000 1.50000 0.80000 0.00000
-12.20000 12.00000 1.50000 0.80000 0.00000
-11.90000 12.00000 1.50000 0.80000 0.00000
-11.60000 12.00000 1.50000 0.80000 0.00000
-11.30000 12.00000 1.50000 0.80000 0.00000
-11.00000 12.00000 1.50000 0.80000 0.00000
-10.70000 12.00000 1.50000 0.80000 0.00000
-10.40000 12.00000 1.50000 0.80000 0.00000
-10.10000 12.00000 1.50000 0.80000 0.00000
-9.80000 12.00000 1.50000 0.80000 0.00000
-9.50000 12.00000 1.50000 0.80000 0.00000
-9.20000 12.00000 1.50000 0.80000 0.00000
-8.90000 12.00000 1.50000 0.80000 0.00000
-8.60000 12.00000 1.50000 0.80000 0.00000
-8.30000 12.00000 1.50000 0.80000 0.00000
-8.00000 12.00000 1.50000 0.80000 0.00000
-7.70000 12.00000 1.50000 0.80000 0.00000
-7.40000 12.00000 1.50000 0.80000 0.00000
-7.10000 12.00000 1.50000 0.80000 0.00000
-6.80000 12.00000 1.50000 0.80000 0.00000
-6.50000 12.00000 1.50000 0.80000 0.00000
-6.20000 12.00000 1.50000 0.80000 0.00000
-5.90000 12.00000 1.50000 0.80000 0.00000
-5.60000 12.00000 1.50000 0.80000 0.00000
-5.30000 12.00000 1.50000 0.80000 0.00000
-5.00000 12.00000 1.50000 0.80000 0.00000
-4.70000 12.00000 1.50000 0.80000 0.00000
-4.40000 12.00000 1.50000 0.80000 0.00000
-4.10000 12.00000 1.50000 0.80000 0.00000
-3.80000 12.00000 1.50000 0.80000 0.00000
-3.50000 12.00000 1.50000 0.80000 0.00000
-3.20000 12.00000 1.50000 0.80000 0.00000
-2.90000 12.00000 1.50000 0.80000 0.00000
-2.60000 12.00000 1.50000 0.80000 0.00000
-2.30000 12.00000 1.50000 0.80000 0.00000
-2.00000 12.00000 1.50000 0.80000 0.00000
-1.70000 12.00000 1.50000 0.80000 0.00000
-1.40000 12.00000 1.50000 0.80000 0.00000
-1.10000 12.00000 1.50000 0.80000 0.00000
-0.80000 12.00000 1.50000 0.80000 0.00000
-0.50000 12.00000 1.50000 0.80000 0.00000
-0.20000 12.00000 1.50000 0.80000 0.00000
0.10000 12.00000 1.50000 0.80000 0.00000
0.40000 12.00000 1.50000 0.80000 0.00000
0.70000 12.00000 1.50000 0.80000 0.00000
1.00000 12.00000 1.50000 0.80000 0.00000
1.30000 12.00000 1.50000 0.80000 0.00000
1.60000 12.00000 1.50000 0.80000 0.00000
1.90000 12.00000 1.50000 0.80000 0.00000
2.20000 12.00000 1.50000 0.80000 0.00000
2.50000 12.00000 1.50000 0.80000 0.00000
2.80000 12.00000 1.50000 0.80000 0.00000
3.10000 12.00000 1.50000 0.80000 0.00000
3.40000 12.00000 1.50000 0.80000 0.00000
3.70000 12.00000 1.50000 0.80000 0.00000
