-0.00000 0.00000
0.50786 0.00000
1.01580 -0.06000
1.45978 -0.18000
1.83986 -0.36000
2.22373 -0.56596
2.67918 -0.71193
3.21654 -0.79789
3.75008 -0.82385
4.28012 -0.78982
4.80697 -0.69578
5.33092 -0.56526
5.85226 -0.42772
6.37123 -0.30164
6.88808 -0.19694
7.40302 -0.11737
7.91626 -0.06260
8.42800 -0.02981
8.93841 -0.01487
9.44765 -0.01307
9.95586 -0.01939
10.46319 -0.02854
10.96977 -0.03476
11.47572 -0.03157
11.98114 -0.01149
12.48614 0.03392
12.99084 0.11358
13.48149 0.23573
13.94129 0.40088
14.40381 0.58837
14.88615 0.76853
15.38986 0.91525
15.90825 1.01270
16.43320 1.05364
16.95530 1.03459
17.46795 0.95554
17.95985 0.81649
18.44060 0.62873
18.91965 0.44093
19.39638 0.27930
19.87004 0.15428
20.33981 0.06636
20.80469 0.01059
21.26352 -0.02015
21.71490 -0.03313
22.15715 -0.03463
22.58827 -0.02946
23.00579 -0.02094
23.40676 -0.01114
23.78756 -0.00123
24.28756 -0.00123
