3.00000 1.00000 0.50000 0.80000 0.00000
3.00000 1.00000 0.50000 0.80000 0.00000
3.00000 1.00000 0.50000 0.80000 0.00000
3.00000 1.00000 0.50000 0.80000 0.00000
3.00000 1.00000 0.50000 0.80000 0.00000
3.00000 1.00000 0.50000 0.80000 0.00000
3.00000 1.00000 0.50000 0.80000 0.00000
3.00000 1.00000 0.50000 0.80000 0.00000
3.00000 1.00000 0.50000 0.80000 0.00000
3.00000 1.00000 0.50000 0.80000 0.00000
3.00000 1.00000 0.50000 0.80000 0.00000
3.00000 1.00000 0.50000 0.80000 0.00000
3.00000 1.00000 0.50000 0.80000 0.00000
3.00000 1.00000 0.50000 0.80000 0.00000
3.00000 1.00000 0.50000 0.80000 0.00000
3.00000 1.00000 0.50000 0.80000 0.00000
3.00000 1.00000 0.50000 0.80000 0.00000
3.00000 1.00000 0.50000 0.80000 0.00000
3.00000 1.00000 0.50000 0.80000 0.00000
3.00000 1.00000 0.50000 0.80000 0.00000
3.00000 1.00000 0.50000 0.80000 0.00000
3.00000 1.00000 0.50000 0.80000 0.00000
3.00000 1.00000 0.50000 0.80000 0.00000
3.00000 1.00000 0.50000 0.80000 0.00000
3.00000 1.00000 0.50000 0.80000 0.00000
3.00000 1.00000 0.50000 0.80000 0.00000
3.00000 1.00000 0.50000 0.80000 0.00000
3.00000 1.00000 0.50000 0.80000 0.00000
3.00000 1.00000 0.50000 0.80000 0.00000
3.00000 1.00000 0.50000 0.80000 0.00000
3.00000 1.00000 0.50000 0.80000 0.00000
3.00000 1.00000 0.50000 0.80000 0.00000
3.00000 1.00000 0.50000 0.80000 0.00000
3.00000 1.00000 0.50000 0.80000 0.00000
3.00000 1.00000 0.50000 0.80000 0.00000
3.00000 1.00000 0.50000 0.80000 0.00000
3.00000 1.00000 0.50000 0.80000 0.00000
3.00000 1.00000 0.50000 0.80000 0.00000
3.00000 1.00000 0.50000 0.80000 0.00000
3.00000 1.00000 0.50000 0.80000 0.00000
3.00000 1.00000 0.50000 0.80000 0.00000
3.00000 1.00000 0.50000 0.80000 0.00000
3.00000 1.00000 0.50000 0.80000 0.00000
3.00000 1.00000 0.50000 0.80000 0.00000
3.00000 1.00000 0.50000 0.80000 0.00000
3.00000 1.00000 0.50000 0.80000 0.00000
3.00000 1.00000 0.50000 0.80000 0.00000
3.00000 1.00000 0.50000 0.80000 0.00000
3.00000 1.00000 0.50000 0.80000 0.00000
3.00000 1.00000 0.50000 0.80000 0.00000
10.00000 -0.50000 1.00000 1.00000 0.00000
10.20000 -0.50000 1.00000 1.00000 0.00000
10.40000 -0.50000 1.00000 1.00000 0.00000
10.60000 -0.50000 1.00000 1.00000 0.00000
10.80000 -0.50000 1.00000 1.00000 0.00000
11.00000 -0.50000 1.00000 1.00000 0.00000
11.20000 -0.50000 1.00000 1.00000 0.00000
11.40000 -0.50000 1.00000 1.00000 0.00000
11.60000 -0.50000 1.00000 1.00000 0.00000
11.80000 -0.50000 1.00000 1.00000 0.00000
12.00000 -0.50000 1.00000 1.00000 0.00000
12.20000 -0.50000 1.00000 1.00000 0.00000
12.40000 -0.50000 1.00000 1.00000 0.00000
12.60000 -0.50000 1.00000 1.00000 0.00000
12.80000 -0.50000 1.00000 1.00000 0.00000
13.00000 -0.50000 1.00000 1.00000 0.00000
13.20000 -0.50000 1.00000 1.00000 0.00000
13.40000 -0.50000 1.00000 1.00000 0.00000
13.60000 -0.50000 1.00000 1.00000 0.00000
13.80000 -0.50000 1.00000 1.00000 0.00000
14.00000 -0.50000 1.00000 1.00000 0.00000
14.20000 -0.50000 1.00000 1.00000 0.00000
14.40000 -0.50000 1.00000 1.00000 0.00000
14.60000 -0.50000 1.00000 1.00000 0.00000
14.80000 -0.50000 1.00000 1.00000 0.00000
15.00000 -0.50000 1.00000 1.00000 0.00000
15.20000 -0.50000 1.00000 1.00000 0.00000
15.40000 -0.50000 1.00000 1.00000 0.00000
15.60000 -0.50000 1.00000 1.00000 0.00000
15.80000 -0.50000 1.00000 1.00000 0.00000
16.00000 -0.50000 1.00000 1.00000 0.00000
16.20000 -0.50000 1.00000 1.00000 0.00000
16.40000 -0.50000 1.00000 1.00000 0.00000
16.60000 -0.50000 1.00000 1.00000 0.00000
16.80000 -0.50000 1.00000 1.00000 0.00000
17.00000 -0.50000 1.00000 1.00000 0.00000
17.20000 -0.50000 1.00000 1.00000 0.00000
17.40000 -0.50000 1.00000 1.00000 0.00000
17.60000 -0.50000 1.00000 1.00000 0.00000
17.80000 -0.50000 1.00000 1.00000 0.00000
18.00000 -0.50000 1.00000 1.00000 0.00000
18.20000 -0.50000 1.00000 1.00000 0.00000
18.40000 -0.50000 1.00000 1.00000 0.00000
18.60000 -0.50000 1.00000 1.00000 0.00000
18.80000 -0.50000 1.00000 1.00000 0.00000
19.00000 -0.50000 1.00000 1.00000 0.00000
19.20000 -0.50000 1.00000 1.00000 0.00000
19.40000 -0.50000 1.00000 1.00000 0.00000
19.60000 -0.50000 1.00000 1.00000 0.00000
19.80000 -0.50000 1.00000 1.00000 0.00000
